21
1201 7051 2893 3332 7129 4671 3897 5546 6504 5101 4799 3145 7071 8177 6027 343 7304 427 3616 6882 9595 
0 33 -33 8 36 10 11 -42 -15 -46 30 -30 9 32 21 39 19 -45 -3 13 39 
33 0 -46 -6 43 -21 -36 -27 -42 17 35 36 -2 31 47 42 7 19 -24 -45 -29 
-33 -46 0 31 -48 44 -5 0 46 -38 -9 33 36 15 -3 -25 22 -2 -48 -25 35 
8 -6 31 0 48 -27 35 39 -41 26 32 21 30 7 -33 -37 -27 30 42 -39 26 
36 43 -48 48 0 -26 -18 -34 28 -14 11 -39 3 34 -41 -50 36 -10 -37 23 15 
10 -21 44 -27 -26 0 -42 42 -19 14 -34 35 -21 12 -49 -30 -49 13 49 26 6 
11 -36 -5 35 -18 -42 0 15 35 29 -15 -10 0 43 17 24 27 11 39 -39 -11 
-42 -27 0 39 -34 42 15 0 40 32 -19 -19 23 -2 29 -39 -30 4 30 -1 8 
-15 -42 46 -41 28 -19 35 40 0 -5 0 -22 -2 6 -48 -14 6 42 -4 45 -47 
-46 17 -38 26 -14 14 29 32 -5 0 -19 3 -8 3 -36 3 45 5 27 -18 -6 
30 35 -9 32 11 -34 -15 -19 0 -19 0 -14 26 -23 -14 27 -31 27 -41 -21 -41 
-30 36 33 21 -39 35 -10 -19 -22 3 -14 0 37 -4 -25 3 36 -13 29 14 -25 
9 -2 36 30 3 -21 0 23 -2 -8 26 37 0 -3 -25 -43 27 -3 -6 10 8 
32 31 15 7 34 12 43 -2 6 3 -23 -4 -3 0 -9 -8 -40 -18 30 -45 -20 
21 47 -3 -33 -41 -49 17 29 -48 -36 -14 -25 -25 -9 0 -27 19 7 5 0 23 
39 42 -25 -37 -50 -30 24 -39 -14 3 27 3 -43 -8 -27 0 -30 44 40 19 9 
19 7 22 -27 36 -49 27 -30 6 45 -31 36 27 -40 19 -30 0 -39 -5 -22 33 
-45 19 -2 30 -10 13 11 4 42 5 27 -13 -3 -18 7 44 -39 0 17 30 33 
-3 -24 -48 42 -37 49 39 30 -4 27 -41 29 -6 30 5 40 -5 17 0 8 -32 
13 -45 -25 -39 23 26 -39 -1 45 -18 -21 14 10 -45 0 19 -22 30 8 0 -24 
39 -29 35 26 15 6 -11 8 -47 -6 -41 -25 8 -20 23 9 33 33 -32 -24 0 